0 0.9509291551211879 0.20451849207691508 0.9458064886729184 0.025085093476790166 0.7820796535673822 0.02747364663561614 0.7872023200156517 0.20690704523574105
0 0.7766583608369869 0.20396301396811015 0.7759373629135453 0.02408811406011397 0.609955119089182 0.024428089331199408 0.6106761170126236 0.20430298923919557
0 0.5179785400490725 0.9745311011583051 0.5130929929730155 0.7845443892381332 0.3423530142951895 0.7867879996541806 0.3472385613712466 0.9767747115743525
0 0.94483025305737 0.5994257307658805 0.7776748365006183 0.5969942481099803 0.7723774899945557 0.7830871930037591 0.9395329065513074 0.7855186756596593
0 0.9549180327868853 0.4052734375000001 0.7862021857923497 0.4052734375000001 0.7862021857923497 0.5859375 0.9549180327868853 0.5859375
0 0.428184477282619 0.5831594906934252 0.4231333304564879 0.40055715046439394 0.25668418164315393 0.4029099638430782 0.261735328469285 0.5855123040721094
0 0.42567396036918287 0.20271834064753924 0.41993082503299717 0.023105148126692995 0.2560351875045811 0.0257830857755948 0.2617783228407668 0.20539627829644105
0 0.2515535371164974 0.7802393324622399 0.25042100860889754 0.5916069768546234 0.07811127651843419 0.5921356229277952 0.07924380502603404 0.7807679785354117
0 0.5919187636354134 0.5929387013759061 0.42765435435333843 0.5921204199381169 0.42584595700524985 0.7776259611860835 0.5901103662873248 0.7784442426238727
0 0.6080922534485993 0.39334310191837835 0.598651191494087 0.21168563737759993 0.43271686297068723 0.21609246527811013 0.44215792492519956 0.3977499298188885
0 0.2568385509485012 0.20086389681389538 0.2489171669193141 0.02120656947295197 0.0817980475826926 0.024971912274087127 0.08971943161187977 0.20462923961503054
0 0.4228142076502734 0.59326171875 0.2540983606557378 0.59326171875 0.2540983606557379 0.779296875 0.4228142076502734 0.779296875
0 0.7804171805833304 0.5796377088659606 0.7782616743903852 0.3993582436427137 0.6089510312261752 0.40039269368608477 0.6111065374191205 0.5806721589093317
0 0.42975951692956044 0.3976458228492036 0.42654679099245413 0.21468359067313583 0.2588090841614226 0.21618869006268598 0.26202181009852893 0.3991509222387537
0 0.255464480874317 0.2158203125 0.08674863387978146 0.2158203125 0.08674863387978148 0.39599609375 0.255464480874317 0.39599609375
0 0.2524230248129582 0.5862544359872395 0.245918945163917 0.4023448088276315 0.07703474211430945 0.4053968659995801 0.08353882176335066 0.589306493159188
0 0.9536464333185645 0.3940186866554054 0.9477684241618667 0.21333878800675674 0.7808743169398907 0.21611328124999998 0.7867523260965885 0.39679317989864865
0 0.6061168150963375 0.5839401086721453 0.5987844911720344 0.4044199005606202 0.43330093479421283 0.4078737658454219 0.44063325871851594 0.587393973956947
0 0.6946721311475411 0.7861328125 0.525273224043716 0.7861328125 0.525273224043716 0.9755859375 0.6946721311475411 0.9755859375
0 0.6010928961748634 0.02539062500000005 0.4337431693989071 0.025390625000000038 0.4337431693989071 0.20605468750000006 0.6010928961748634 0.20605468750000006
0 0.7710013440142527 0.5919303676355631 0.6025228691735472 0.5897564365029022 0.5977654588337077 0.7781610361410318 0.7662439336744132 0.7803349672736927
0 0.7810550833896376 0.39272598630694144 0.7757941870251176 0.21221147979934926 0.6068101537403838 0.21472808771691976 0.6120710501049037 0.3952425942245119
0 0.33968920024181226 0.78582056670282 0.16851463319227636 0.7832713360900218 0.1628975380202223 0.976007914181128 0.3340721050697582 0.9785571447939262