0 0.7158203125 0.049479166666666775 0.5673828125 0.04947916666666677 0.5673828125 0.3483072916666668 0.7158203125 0.3483072916666668
0 0.8668203672464962 0.05793358391729609 0.718958736640855 0.05635639319083591 0.7171653514175093 0.3552539304151203 0.8650269820231505 0.3568311211415805
0 0.5630972811964209 0.05005921604872134 0.4194870891154093 0.0482862507143878 0.4174535117740033 0.34112138787683954 0.5610637038550149 0.34289435321117306
0 0.56201171875 0.35351562500000017 0.41845703125 0.35351562500000006 0.41845703125000006 0.6471354166666667 0.56201171875 0.6471354166666669
0 0.7167372255067568 0.3582376126126128 0.5680167863175676 0.3536261261261262 0.5628299197635135 0.6510064752252253 0.7115503589527027 0.6556179617117118
0 1.0031889648749923 0.6753336562506665 0.8723123130478598 0.6725416210116877 0.8685791437392029 0.9836390633997697 0.9994557955663352 0.9864310986387487
0 0.2664518182494166 0.6448555841601714 0.26205277366927365 0.3445474741557481 0.11274907177332942 0.34843559139262165 0.11714811635347236 0.6487437013970451
0 0.8636427470327391 0.36292279790269455 0.7183852282253795 0.3596677274532299 0.7146447146355455 0.6564151389134018 0.8599022334429051 0.6596702093628665
0 0.26783628067421605 0.3409767529820818 0.2639357474941233 0.038592561687276435 0.11295873589961102 0.0420547699793701 0.11685926907970373 0.34443896127417545
0 0.4111328125 0.04882812500000006 0.267578125 0.04882812500000005 0.267578125 0.3424479166666667 0.4111328125 0.3424479166666667
0 0.26668536440311424 0.9619282547577854 0.2605076773356402 0.6489254433391004 0.11371377595155713 0.6540761065455595 0.11989146301903116 0.9670789179642445
0 0.7189907710030007 0.6593393922346051 0.568138361283755 0.6574770168059725 0.5660005140243249 0.9653270221638808 0.7168529237435708 0.9671893975925135
0 0.5647825890079073 0.962859249293546 0.5631325136247606 0.6581453285391118 0.41718457157244926 0.6595503628789655 0.418834646955596 0.9642642836333998
0 0.4169921875000001 0.6490885416666666 0.2685546875000001 0.6490885416666666 0.2685546875000001 0.95703125 0.4169921875000001 0.95703125
0 1.0002907811246589 0.3677700482981532 0.866964563322388 0.3671549331064472 0.8661820809562151 0.6686714715384371 0.9995082987584858 0.6692865867301431
0 0.8693660027736445 0.6648274068911201 0.7200119334928299 0.6632994880237971 0.71820236426618 0.977762406966065 0.8675564335469946 0.9792903258333879
0 0.4153433702836076 0.6446592344659274 0.41442272112326106 0.3488239709412267 0.26755997481201144 0.3496364895930179 0.268480623972358 0.6454717531177186
0 1.001262943743308 0.069075451124268 0.8691679345515525 0.06767762033917 0.8674087442723751 0.3632215872409776 0.9995037534641306 0.36461941802607556