0 0.4111328125000001 0.6280048076923077 0.22949218750000008 0.6280048076923077 0.2294921875000001 0.9939903846153846 0.4111328125000001 0.9939903846153846
0 0.7640258524267897 0.28773882029033876 0.7592317990780911 0.004520899382613049 0.58644505829718 0.008951328633405635 0.5912391116458785 0.2921692495411313
0 0.584864753402493 0.025536943912902847 0.41825022763743147 0.022543308413474406 0.41489803757390936 0.30515871684579743 0.581512563338971 0.30815235234522587
0 0.5966289820176419 0.618720932100196 0.5929990570567859 0.3068824554629617 0.4137596779294855 0.31004294704995405 0.41738960289034155 0.6218814236871884
0 0.4164783386127948 0.30615191858276825 0.4124893592985467 0.01894540795690106 0.24515377382604253 0.022465946244290998 0.24914275314029066 0.3096724568701582
0 0.24020693204881355 0.3255732902869404 0.05904035862042054 0.32102279550694934 0.053672720649458834 0.6447326546787934 0.23483929407785184 0.6492831494587843
0 0.7821919023338939 0.6170398120592613 0.7749793024600503 0.2945071407776412 0.5948056156039739 0.30061041316232123 0.6020182154778175 0.6231430844439413
0 0.25297247302727144 0.03331812320452148 0.07998935075090204 0.02602694839835205 0.07202472188949678 0.31226345640208625 0.24500784416586618 0.31955463120825567
0 0.2307035913839547 0.6420262169033646 0.03351901481508457 0.6364684601944356 0.026768363015069966 0.9992727210362438 0.22395293958394008 1.0048304777451729
0 0.6049115437265442 0.9819565915737567 0.6007076539693872 0.620637656548364 0.4090120840440041 0.6240161721923584 0.41321597380116115 0.985335107217751
0 0.4161323459413625 0.6265179974838097 0.41284534280192686 0.3129884672607138 0.23655475951584545 0.3157881192037185 0.23984176265528112 0.6293176494268143
0 0.8111300803829481 0.9850627223210316 0.8030365110187861 0.6189843541574033 0.5986942964234104 0.6258278401511783 0.6067878657875724 0.9919062083148067
0 0.9686393094610029 0.6173024887246986 0.9525430673304415 0.29118690851735024 0.7685286082991133 0.3049449989122159 0.7846248504296747 0.6310605791195644
0 1.0027013176904083 0.9779796260952462 0.9724649157528213 0.5992721122344297 0.7842673965020849 0.6220332172749811 0.8145037984396717 1.0007407311357976
0 0.9415117726097605 0.2986401173663057 0.9386985214078374 0.011255686892932937 0.762854553134071 0.013863197080495696 0.7656678043359941 0.30124762755386847