0 0.43397894931662373 0.32177168937835926 0.34872555458983123 0.3200343567347273 0.34514007013462583 0.6328251911126416 0.43039346486141833 0.6345625237562734
0 0.6926838577562252 0.6307190348488217 0.6861549143369277 0.32313325598414105 0.5858289882308805 0.32691913998814287 0.592357931650178 0.6345049188528236
0 0.7476121707450124 0.32043913653366585 0.7370428908198254 0.03859167186201165 0.6623516891365336 0.043571085307564435 0.6729209690617206 0.32541854997921865
0 0.33862862244856706 0.6421140098337323 0.24217745449068384 0.6327800258378081 0.22319684371360873 0.9814608756685211 0.3196480116714919 0.9907948596644452
0 0.67333984375 0.033854166666666775 0.5810546875 0.03385416666666677 0.5810546875 0.3196614583333334 0.67333984375 0.3196614583333334
0 0.5869140625 0.026041666666666758 0.4892578125 0.026041666666666755 0.4892578125 0.31315104166666674 0.5869140625 0.31315104166666674
0 0.7087488020331323 0.9743870903346589 0.701080466957394 0.6294824193725668 0.5941279582419144 0.6337097912585541 0.6017962933176527 0.9786144622206462
0 0.5964550418215614 0.3279466775092938 0.5095539033457249 0.3265336508674102 0.5067478653578067 0.6333271375464683 0.5936490038336432 0.634740164188352
0 0.5125700974770644 0.6396259556574925 0.43097018348623856 0.6387922400611621 0.4289883600917431 0.9836295107033638 0.510588274082569 0.9844632262996941
0 0.7935994247556862 0.9726520977397417 0.7838378627200251 0.6326243534975425 0.6994771277431706 0.6369298455537776 0.7092386897788318 0.9769575897959766
0 0.9285960454275548 0.33746926638351565 0.9217562364128712 0.05896627368306525 0.8342239044684224 0.06278800438089172 0.841063713483106 0.3412909970813421
0 0.435546875 0.014973958333333403 0.341796875 0.014973958333333396 0.341796875 0.30273437500000006 0.435546875 0.30273437500000006
0 0.8439820010359116 0.3313981929097606 0.8326152991194751 0.04344174436003681 0.7359720303867403 0.05022372813075506 0.7473387323031768 0.33818017668047884
0 0.250945186895797 0.3133853196304644 0.08583300371560446 0.3094115005406884 0.08149121681565462 0.6301248262169832 0.24660339999584713 0.6340986453067593
0 0.3484716552303986 0.31500316840156334 0.2514014192442357 0.31226397302981973 0.24637156354496043 0.6291448820841612 0.3434417995311233 0.6318840774559048
0 0.7976745397526457 0.636591910659276 0.7934302901986311 0.3276105431270175 0.6872030453073443 0.33020461504133464 0.6914472948613589 0.6391859825735932
0 0.2431640625 0.02669270833333337 0.08984375000000001 0.02669270833333336 0.08984375000000003 0.3138020833333333 0.24316406250000003 0.31380208333333337
0 0.4321360422460211 0.6380860106897028 0.32225672667297806 0.636959043350492 0.32024530029658016 0.9856062819261188 0.4301246158696232 0.9867332492653295
0 0.24136847594225738 0.634353408734381 0.07411828027807343 0.6200585202160745 0.057018045864707885 0.9757433960140777 0.22426824152889183 0.9900382845323841
0 0.6007212044372268 0.9809669210496558 0.5933927401901041 0.6365291014348897 0.503524351582525 0.6399283785453419 0.5108528158296477 0.984366198160108
0 0.8895404745274678 0.6377896683736956 0.8819605724765445 0.33098410916965765 0.7921178054064862 0.33493014442920527 0.7996977074574095 0.6417357036332432
0 0.34364391510786746 0.3102659302535259 0.34304794911234293 0.02340763107437731 0.2436341084187148 0.023774810541389777 0.24423007441423933 0.31063310972053837
0 0.49074032185693156 0.02540483497377442 0.43409884790501 0.02522241476781008 0.4335833204262254 0.30979358305692833 0.4902247943781469 0.30997600326289265
0 0.5167874547939768 0.3314306915909304 0.4315392198575339 0.3257022514006831 0.4198700415928311 0.6344236693510656 0.505118276529274 0.640152109541313
0 0.8911236509512473 0.9673291863306926 0.8845724687394657 0.631035166125906 0.7835727307801703 0.6345329925487387 0.790123912991952 0.9708270127535253