0 0.58480947655096 0.3664941454332841 0.5778018833087148 0.12356424636878383 0.4425227335672082 0.1305016386632201 0.44953032680945343 0.37343153772772036
0 0.5851132974858919 0.6405533244770723 0.5817100466379295 0.3803937040995055 0.4424474755696025 0.38363236854295496 0.4458507264175649 0.6437919889205217
0 0.5313782122681501 0.6513663088708562 0.3939714280616306 0.6406791145436824 0.38138391659889964 0.9283936622632479 0.5187907008054191 0.9390808565904215
0 0.7465174487194081 0.6494022133191152 0.6082729387119257 0.6468840983827311 0.60529893887123 0.9371464828346311 0.7435434488787124 0.9396645977710151
0 0.739618130387931 0.63902658045977 0.7280105064655172 0.3759204382183909 0.5861530172413792 0.38704651580459776 0.597760641163793 0.6501526580459768
0 0.2900390625 0.390625 0.14111328125000006 0.390625 0.14111328125000006 0.6555989583333334 0.29003906250000006 0.6555989583333334
0 0.292779457405822 0.13637182505707768 0.15315978167808222 0.1294770262557078 0.14629040025684936 0.3767747574200913 0.2859100759845891 0.3836695562214612
0 0.43982962300588546 0.37303304042760516 0.4348339836187369 0.1313392491255582 0.29496881624864474 0.13647865160109965 0.2999644556357933 0.37817244290314656
0 0.282976286164127 0.6584688174086082 0.13252613660374152 0.6524205701901001 0.12588557566162936 0.9460809318523938 0.2763357252220149 0.9521291790709018
0 0.6089119601701608 0.9388346167193182 0.6052673795591614 0.6521276086540303 0.5137119808120334 0.6541966572132875 0.5173565614230328 0.9409036652785754
0 0.39219280260181005 0.6582614536199095 0.28277383519513577 0.6551573694381598 0.2781976898331448 0.9419291454562595 0.3876166572398191 0.9450332296380091
0 0.43798828125 0.3841145833333333 0.29345703125000006 0.3841145833333333 0.2934570312500001 0.6477864583333334 0.43798828125000006 0.6477864583333334
0 0.8850274464981037 0.6444060826877446 0.8805692027095712 0.3804780504066194 0.7353088333107292 0.38484022366183995 0.7397670770992617 0.6487682559429649
0 0.894880000957121 0.9421731431852987 0.8794045511102603 0.6481395960949464 0.7328793489184532 0.6618495565339458 0.7483547987653139 0.9558831036242981
0 0.7256819210083606 0.3645052720568244 0.7204534085695351 0.12050802491163674 0.5857419485369085 0.1256398900557368 0.590970460975734 0.36963713720092445
0 0.8664867530119108 0.36710086478346177 0.8627611044599668 0.12203598225558648 0.72503000591116 0.1257584443785272 0.728755654463104 0.3708233269064025