0 0.7828647019566375 0.3294874243780612 0.7791701252292358 0.03320907862400857 0.6310381187514791 0.036020703733058095 0.6347326954788808 0.33229904948711075
0 0.6347018346122625 0.32643155738813723 0.631285827640423 0.024044973972481537 0.4830098335463827 0.026594566650409376 0.4864258405182223 0.32898115006606504
0 0.4849960860356438 0.32611983949842926 0.4811876047866724 0.008960533559990137 0.3241040257368068 0.011831637262748933 0.32791250698577823 0.32899094320118805
0 0.5166015625 0.32951807228915675 0.349609375 0.3295180722891567 0.34960937500000006 0.6391566265060241 0.5166015625 0.6391566265060241
0 0.6724035515612601 0.6354986271929792 0.6710297258685749 0.32871507395800154 0.5164408240444341 0.32976878517059505 0.5178146497371193 0.6365523384055728
0 0.16162109375000006 0.32469879518072287 3.426379960505046e-17 0.32469879518072287 5.0259552474772964e-17 0.6469879518072289 0.16162109375000006 0.6469879518072289
0 0.825515262072127 0.6381314991015409 0.8214805288938081 0.3319973344776715 0.6708677202760523 0.33501873747550837 0.6749024534543713 0.6411529020993776
0 0.3456686080636899 0.6469234060805675 0.34456420783797914 0.31718941676378526 0.1627410599467472 0.31811636540184474 0.16384546017245794 0.6478503547186268
0 0.32568359375 0.0234939759036145 0.17138671875 0.02349397590361449 0.17138671875000003 0.31867469879518073 0.32568359375 0.31867469879518073
0 0.1995103150365006 0.6495188776415407 0.03150708571015738 0.6436388363929659 0.02333266321556019 0.9991375765917367 0.1913358925419034 1.0050176178403114
0 0.6923955585932614 0.9697089010727872 0.6911733487415819 0.6394825245688982 0.5227822571449794 0.6404311545837241 0.5240044669966589 0.9706575310876131
0 0.9812335387358536 0.6359596550300542 0.9803601216205596 0.33208626521174284 0.8237121163745678 0.33277159186889016 0.8245855334898617 0.6366449816872016
0 0.35983560369757256 0.6494635921593073 0.19611742452387193 0.646677594394889 0.1923128755973894 0.9869784525901409 0.35603105477109 0.9897644503545592
0 0.8470031679423818 0.958854898862567 0.843402599897541 0.639020343669761 0.6895965487885728 0.641655842269754 0.6931971168334137 0.96149039746256
0 0.9999423907514963 0.9484892438728465 0.9917433531392192 0.6321518733196967 0.8378196192104519 0.6382242918507056 0.8460186568227289 0.9545616624038553
0 0.1705081477583568 0.011605626682598725 0.009836523319865492 0.008824898469606185 0.006255526861448493 0.32376521625550586 0.1669271512999398 0.32654594446849844
0 0.5228628448985249 0.6435517509197646 0.36153293262119296 0.6408529258403773 0.35783835100879186 0.9770153395373985 0.5191682632861238 0.9797141646167856
0 0.9390185912504255 0.3282791752442036 0.9363630459177162 0.032325580060199956 0.7812023152973964 0.034444700517522776 0.7838578606301057 0.33039829570152635