0 0.8206760264644143 0.05823279825125799 0.6725907293332667 0.05438408392987994 0.668217088164734 0.33855975376346936 0.8163023852958817 0.34240846808484743
0 0.6601792920669837 0.05078862796856044 0.5032223798768024 0.049821972460087696 0.502166382016896 0.33936908109308656 0.6591232942070773 0.3403357366015593
0 0.5118330434545797 0.6602637445451709 0.5057095537845334 0.3483325590789339 0.3454408648358849 0.35364551675670947 0.35156435450593115 0.6655767022229465
0 0.17607681687820362 0.3777027018655474 0.020261586221625636 0.3745389408369874 0.016781524591164297 0.6639670106515971 0.17259675524774226 0.6671307716801572
0 0.3353740599288653 0.04207611950947454 0.18084082801251286 0.03835732769046848 0.17671060807336306 0.32818555326816895 0.3312438399897155 0.331904345087175
0 0.8326566875235969 0.34654300411023153 0.6710124885948905 0.3398745785319946 0.6633066656965768 0.6553048112832687 0.8249508646252832 0.6619732368615057
0 0.33880290516591693 0.9902132049033469 0.333249267986358 0.692876544699065 0.17771665423491553 0.6977822108959467 0.18327029141447446 0.9951188711002285
0 0.17569050554334514 0.99065622101385 0.1689028201855664 0.6951679487889225 0.012092921454206564 0.701250732950636 0.01888060681198529 0.9967390051755635
0 0.6795691982684333 0.9912799926766418 0.6720879431168199 0.6672188558216386 0.5095389247333649 0.6735557921728311 0.5170201798849785 0.9976169290278343
0 0.9968101221973797 0.3523094281452413 0.8345706695484444 0.3467192670325876 0.8280630765982329 0.6656526694597762 0.9903025292471683 0.6712428305724298
0 0.8349609375 0.6967005076142132 0.6796875 0.6967005076142132 0.6796875 0.9879441624365483 0.8349609375 0.9879441624365483
0 0.4961530433290815 0.050827570311144626 0.3430459142504966 0.049205601166193796 0.3412271925105495 0.3391178476584653 0.49433432158913443 0.3407398168034162
0 0.6695049389619789 0.6601878801894755 0.667778803337521 0.3461538660748946 0.5084816852057931 0.34763247601839437 0.510207820830251 0.6616664901329752
0 0.3350365510338838 0.6641786713615285 0.3339601038456848 0.37741751178446215 0.18595724224289728 0.3783557000367913 0.18703368943109622 0.6651168596138577
0 0.9915327770162766 0.9954045760348731 0.9904554328728079 0.7028044691711693 0.8410588081904444 0.7037333676220642 0.8421361523339131 0.9963334744857679
0 0.16648268695837445 0.32944708209733475 0.16112575712985214 0.04248725841220493 0.01144179658569437 0.0472059066683071 0.01679872641421668 0.33416573035343694
0 0.511612239862586 0.99279133472038 0.5072059023033484 0.668317881965692 0.34265179366719706 0.6720914727519735 0.3470581312264347 0.9965649255066615
0 0.9855845697762063 0.056139728325594745 0.8322151671385114 0.05191722046668892 0.82752750589993 0.3394398005582018 0.9808969085376249 0.3436623084171076