0 0.41029376930095457 0.34543047518280645 0.23350801976593216 0.3281214684222996 0.2127227012124509 0.6256300448212182 0.3895084507474733 0.6429390515817248
0 0.75341796875 0.07456647398843941 0.5859375 0.07456647398843941 0.5859375 0.3364161849710984 0.75341796875 0.3364161849710984
0 0.7696181706545322 0.6276398682281592 0.7662158344382834 0.3376428225037765 0.5889293409474446 0.34055774494010627 0.5923316771636934 0.630554790664489
0 0.58837890625 0.3462427745664741 0.40771484375000006 0.34624277456647407 0.4077148437500001 0.638150289017341 0.58837890625 0.638150289017341
0 0.4183388005378338 0.07801375619629171 0.24909356454005938 0.0682403389307216 0.23814041635756675 0.3340536182912815 0.4073856523553412 0.3438270355568516
0 0.2323053581008584 0.34857674464759736 0.046923618562231775 0.32921283088144093 0.024494534603004353 0.6301342132030067 0.20987627414163096 0.6494981269691632
0 0.5853500159078054 0.08008605131692524 0.41775841346153847 0.07586482881280576 0.41301501520079187 0.33978421782230017 0.5806066176470588 0.34400544032641966
0 0.25297907282680687 0.08251521650190471 0.08315334830525749 0.06756166108996564 0.06629043162443964 0.3359473808613274 0.236116156145989 0.3509009362732665
0 0.40322812500000005 0.6452957225433527 0.2136587204391893 0.618544252460553 0.1792800886824325 0.959954757069208 0.3688494932432433 0.9867062271520075
0 0.20890577545153727 0.6483447125128741 0.013122445465488838 0.6291534626415565 -0.01052077089964936 0.9671768160066555 0.18526255908639905 0.9863680658779731
0 0.5828530388029566 0.6402746237313099 0.39838318038517234 0.6375785966847131 0.39496253285964655 0.9655811265774393 0.5794323912774308 0.9682771536240361
0 0.9690501884727627 0.6461483097546163 0.9529331073686771 0.3408740244259013 0.7728200237110895 0.35420031038438177 0.7889371048151751 0.6594745957130969
0 0.9962865681813705 0.6529600572995272 0.8014310294058112 0.6519948986582416 0.8002049837546173 0.9988821917109573 0.9950605225301766 0.9998473503522429
0 0.7960264550416966 0.6346821462651739 0.5933290247472441 0.632455173974665 0.590658694526065 0.973072000892611 0.7933561248205174 0.97529897318312
0 0.9331389968035559 0.34272705614769455 0.9316952432807928 0.07097425434166188 0.754388602037764 0.07229436922611211 0.7558323555605272 0.34404717103214477