0 0.4033850121787631 0.2545899867383255 0.39812630171561714 0.02489329161427783 0.2566600404193731 0.03048243258346874 0.2619187508825191 0.2601791277075164
0 0.3586520489537802 0.9986189526224306 0.3569975885402438 0.7356372167932909 0.21670500129123416 0.7371603335331273 0.21835946170477055 1.0001420693622671
0 0.8406014769616788 0.38664687732637887 0.8263379619069342 0.2242556757794394 0.7307246521441605 0.23874840226047953 0.744988167198905 0.40113960380741903
0 0.7393431451686404 0.47277183117795696 0.7314597257386293 0.23269736834461544 0.6081329955623714 0.23968602265396596 0.6160164149923826 0.4797604854873074
0 0.21289062500000006 0.6523412443874278 0.07177734375000006 0.6523412443874278 0.07177734375000007 0.9243104554201411 0.21289062500000008 0.9243104554201411
0 0.5462517416401275 0.24134693560709747 0.5402213126990446 0.01953236396023909 0.4007681876990446 0.02607501950866755 0.4067986166401274 0.24788959115552595
0 0.718304885307056 0.9992903617212106 0.7151188712031982 0.7202671894013071 0.5749087192686334 0.7230300219012621 0.5780947333724913 1.0020531942211655
0 0.7986774424810905 0.9991236714943115 0.7872016040283674 0.7236553673724033 0.7045579118287597 0.7295967863132117 0.7160337502814829 1.0050650904351197
0 0.6123670807392979 0.7298622204341998 0.6034674104893784 0.4897436983352212 0.47718854382775544 0.4978206336269765 0.486088214077675 0.7379391557259551
0 0.3644681416338098 0.4545811202603937 0.3581337211988665 0.2673520672506513 0.25318694361446525 0.27347938534609295 0.25952136404940856 0.46070843835583536
0 0.73876953125 0.47979474021808866 0.6025390625 0.47979474021808866 0.6025390625 0.7203335471456062 0.73876953125 0.7203335471456062
0 0.22383852922942687 0.6971667910108356 0.2184509818943226 0.5657921922351304 0.03370824619906176 0.5788663806950176 0.03909579353416605 0.7102409794707226
0 0.22297078136754747 0.5672031436556687 0.21511231846259637 0.3545417454488689 0.047576290157161014 0.36522552288802673 0.05543475306211209 0.5778869210948265
0 0.35595703125000006 0.4817190506735087 0.22607421875000006 0.4817190506735087 0.22607421875000006 0.7382937780628608 0.3559570312500001 0.7382937780628608
0 0.48786011953017705 0.48585374868577885 0.48587090061326876 0.24936254218452844 0.3645302902773539 0.2511238750262208 0.3665195091942622 0.4876150815274712
0 0.16934318944430507 0.9195551975210221 0.11842278051304565 0.6798580149187969 -0.0054994727640491625 0.7252883488618117 0.04542093616721027 0.9649855314640368
0 0.5854035154549412 0.998822403542228 0.5741337206138442 0.734805110159862 0.4821105399025903 0.7415838434994692 0.4933803347436874 1.0056011368818352
0 0.4918690226328544 0.9989927099156671 0.4892539245066644 0.7379056071926196 0.35298922451099185 0.7402609472013224 0.3556043226371819 1.0013480499243699
0 0.2505184011387688 0.25661038988534746 0.16408662842284558 0.25582734031545423 0.16290698309533438 0.4805274535019321 0.24933875581125758 0.4813105030718254
0 0.2568359375 0.060936497754971175 0.14697265625 0.06093649775497116 0.14697265625 0.24951892238614495 0.2568359375 0.249518922386145
0 0.6128577052058561 0.47686708834209557 0.6084805918363556 0.24111503227395834 0.48695894257208683 0.24500865291403756 0.4913360559415874 0.4807607089821748
0 0.05725641876773173 0.523415823506259 0.015297465001013283 0.5167783476164669 0.0012398069145163823 0.6701349027766536 0.04319876068123483 0.6767723786664458
0 0.8858203527743717 0.6286379655555371 0.8636511541770302 0.3793806560120816 0.7359677774535601 0.39897831176552445 0.7581369760509016 0.6482356213089799
0 0.9907289277522936 0.9716637929512566 0.9474842316513762 0.6450123873807604 0.7808199541284404 0.683089018483973 0.8240646502293578 1.009740424054469
0 0.168131266304608 0.2576692658261594 0.046186510504754794 0.24037556671220264 0.025633776192081244 0.4904748873811384 0.14757853199193446 0.5077685864950952
0 0.6963836687755665 0.23515400293684016 0.6894693894166775 0.009894853257739755 0.5441663246806213 0.017591595290976626 0.5510806040395103 0.24285074497007703
0 0.4852440973504431 0.7352647182273226 0.4779025687776957 0.48451313808514523 0.3499743237629247 0.49097677468134227 0.3573158523356721 0.7417283548235197
0 0.8434001266544722 0.22860652122510425 0.8307610122595364 0.00030795717032920954 0.6851533276985368 0.014219184086460878 0.6977924420934726 0.2425177481412359