0 0.8475077911104827 0.5021977348655128 0.8437137076536119 0.3387918587563533 0.6528830377886963 0.34019624347317734 0.6566771212455671 0.5036021195823368
0 0.6949344585215145 0.32703847023890004 0.6884370625358442 0.16504319630209363 0.501239894927825 0.16742296624249864 0.5077372909134952 0.32941824017930504
0 0.6833678749215614 0.6875327858505387 0.49170774546456764 0.6866183586736985 0.4891052145600971 0.8595112979690305 0.6807653440170909 0.8604257251458707
0 0.47267996530789264 0.685546875 0.279271465741544 0.685546875 0.279271465741544 0.8603515625 0.47267996530789264 0.8603515625
0 0.6698583870791536 0.6705003026694831 0.6597974492772779 0.5026343057281926 0.4679881004346246 0.5062780191391087 0.47804903823650025 0.6741440160803993
0 0.4976640460772485 0.3284861967362082 0.4967609002867071 0.16476191691632106 0.3096111751179779 0.1650891315191445 0.3105143209085193 0.3288134113390317
0 0.2601908065915005 0.3359375 0.06504770164787518 0.3359375 0.0650477016478752 0.49853515625 0.2601908065915005 0.49853515625
0 0.45273200346921083 0.33837890625 0.26626192541196886 0.33837890625 0.26626192541196886 0.50146484375 0.45273200346921094 0.50146484375
0 0.26454322351604154 0.6757898865365113 0.2591646098281403 0.5077305321374239 0.060312123413830084 0.5097476784355983 0.06569073710173126 0.6778070328346857
0 0.29676191967514076 0.1519032237871061 0.07206926829696027 0.15038826175586167 0.06837114410915283 0.3242353102144803 0.2930637954873333 0.3257502722457248
0 0.26692005398524765 0.8634761212696518 0.260566115270452 0.6871716073421256 0.06223404831043648 0.6894371447521604 0.0685879870252322 0.8657416586796867
0 0.6478751084128361 0.3369140625 0.4588031222896791 0.3369140625 0.4588031222896792 0.50341796875 0.6478751084128362 0.50341796875
0 0.8685402230907581 0.6723396306507865 0.8642868290875598 0.5029209038625087 0.6720016383526977 0.50445100010338 0.6762550323558959 0.6738697268916578
0 0.46849352308883446 0.6742165093871338 0.46344620718094787 0.5051425167666784 0.2686423697415756 0.5069857483233322 0.27368968564946217 0.6760597409437876
0 0.8921826285067966 0.6893583194137386 0.6983427853353222 0.6864610744541401 0.6902208329933944 0.8586943180539796 0.8840606761648689 0.8615915630135781
0 0.8933217692974849 0.16748046875000006 0.7042497831743278 0.16748046875000006 0.7042497831743278 0.3291015625 0.8933217692974849 0.32910156250000006