0 0.7987134445675428 0.35454802745517533 0.652574256952934 0.3531854243072536 0.6511182715082519 0.6307933157599838 0.7972574591228606 0.6321559189079056
0 0.32815229942222524 0.6280939345188671 0.3256427121894893 0.34367404814212565 0.18159670266226133 0.3459335933896115 0.18410628989499725 0.6303534797663529
0 0.8104708395878821 0.30620957287117906 0.8084528094295852 0.018303936954148472 0.660584956673035 0.020146527019650657 0.6626029868313319 0.3080521629366813
0 0.64404296875 0.016276041666666772 0.49755859375 0.016276041666666758 0.49755859375 0.30468750000000006 0.64404296875 0.30468750000000006
0 0.18179037019547695 0.015560559386778935 0.036227423336798355 0.013706254331254324 0.03404362438041934 0.3184675309103662 0.17960657123909793 0.32032183596589087
0 0.17626953125000006 0.35546875 0.02880859375000004 0.35546875 0.028808593750000052 0.640625 0.17626953125000006 0.640625
0 0.3327057857708039 0.02347033717398431 0.1891132461358644 0.022440999972300164 0.18797013141945113 0.30593344964279184 0.33156267105439063 0.306962786844476
0 0.6462741603403859 0.6318331825988454 0.6434936229034203 0.3519257472776438 0.5009825362105349 0.35444249936052036 0.5037630736475005 0.6343499346817218
0 0.33008391367364254 0.9660358338046757 0.3283124163820484 0.6676369566872609 0.17999371845631743 0.669202325530804 0.18176521574791155 0.9676012026482189
0 0.18005551453738916 0.968912635723341 0.1685931429216373 0.6741659370325781 0.015279937941200626 0.6847653684880157 0.026742309556952476 0.9795120671787786
0 0.6515994105435574 0.9706036080678242 0.6424432082298638 0.6690593452035162 0.4936821876431868 0.6770896297156175 0.5028383899568803 0.9786338925799255
0 0.48803916914853174 0.024632958375577926 0.3429830216669081 0.02216391756738004 0.34027305807733915 0.3052045591445789 0.4853292055589628 0.30767359995277677
0 0.49370153513445436 0.6281214077676173 0.4920373224872132 0.3463147328347799 0.35284734869032863 0.3477760448956395 0.3545115613375697 0.6295827198284768
0 0.962890625 0.36132812500000017 0.810546875 0.36132812500000017 0.810546875 0.6510416666666669 0.962890625 0.6510416666666669
0 0.9756910167818361 0.9919818402435013 0.970586718364388 0.6857239351966108 0.8142077793373644 0.690357385241856 0.8193120777548125 0.9966152902887465
0 0.8124811280297125 0.9706489757819394 0.8055418726886263 0.6634712726831878 0.6586701088951634 0.6693697370925639 0.6656093642362496 0.9765474401913155
0 0.4931640625000001 0.6660156250000001 0.3378906250000001 0.666015625 0.3378906250000001 0.9661458333333334 0.4931640625000001 0.9661458333333334
0 0.9647207339490674 0.026323006336681175 0.8152549710814204 0.019567491630798784 0.807699711935079 0.3167410180535631 0.957165474802726 0.32349653275944545