0 0.6939890710382514 0.19305555555555565 0.4899817850637523 0.19305555555555565 0.4899817850637523 0.4152777777777778 0.6939890710382514 0.4152777777777778
0 0.6939890710382515 0.41944444444444445 0.48451730418943534 0.41944444444444445 0.48451730418943545 0.6680555555555555 0.6939890710382516 0.6680555555555555
0 0.4936247723132969 3.7844987890317514e-17 0.3005464480874317 2.883022672992728e-17 0.3005464480874317 0.1819444444444445 0.4936247723132969 0.18194444444444452
0 0.6951052996670716 0.18756167289159403 0.6892112093543487 -0.0034436913050829186 0.49360537059672377 0.00006570756674505463 0.49949946090944664 0.19107107176342203
0 0.49590474921142663 0.19020189701897025 0.2959065262783776 0.18543631436314365 0.2867208672086721 0.4095663956639567 0.48671909014172116 0.41433197831978325
0 0.2677595628415302 0.41944444444444445 0.04918032786885254 0.41944444444444445 0.04918032786885256 0.6638888888888889 0.2677595628415302 0.6638888888888889
0 0.30503109101187115 0.18952107279693492 0.09775767853778036 0.1763505747126437 0.07363859054079525 0.3970402298850575 0.28091200301488606 0.4102107279693487
0 0.26593806921675783 0.6819444444444445 0.038251366120218705 0.6819444444444445 0.038251366120218726 0.9597222222222223 0.26593806921675783 0.9597222222222223
0 0.7413479052823317 0.6805555555555556 0.5100182149362479 0.6805555555555556 0.5100182149362479 0.9666666666666667 0.7413479052823317 0.9666666666666667
0 0.4869053835888088 0.6797808661253384 0.47872971014245413 0.43042282601152065 0.2638822047695601 0.43451835658269145 0.2720578782159147 0.6838763966965092
0 0.30625504666403774 0.00007159221076749786 0.11241807973259722 -0.006646620847651751 0.10234916342741257 0.16225945017182133 0.29618613035885305 0.16897766323024055
0 0.9034608378870674 0.19027777777777785 0.6994535519125683 0.19027777777777785 0.6994535519125683 0.4194444444444445 0.9034608378870674 0.4194444444444446
0 0.5120160884866768 0.6909012066365008 0.280326220441939 0.6871424082453494 0.27254654699206304 0.9659464555052792 0.5042364150368008 0.9697052538964306
0 0.8971812970022559 0.18123981490022445 0.885298995633019 -0.007213484815873899 0.6884372203009252 0.0000032028615646378317 0.7003195216701622 0.18845650257766297