0 0.8146646399895093 0.337543472375518 0.8119793137709813 0.03732000313978281 0.6624236528607165 0.039479164497386476 0.6651089790792445 0.3397026337331217
0 0.656287170198962 0.03666703873200143 0.4931856887975779 0.031213991946216622 0.4869492052335641 0.332298419294736 0.6500506866349481 0.33775146608052076
0 0.4992419925855309 0.6761131123196175 0.33513477442992357 0.6629796611255148 0.31943258058072943 0.9796730398010721 0.4835397987363368 0.9928064909951748
0 0.4950351532779139 0.34905734571672103 0.34092586799776503 0.34635677400239095 0.33761542839650005 0.6512786548930951 0.49172471367664894 0.6539792266074251
0 0.659896430476103 0.6698392332668375 0.49775110207171513 0.662423196807409 0.4888838830500672 0.9753551060356795 0.651029211454455 0.9827711424951079
0 0.8221632821773786 0.6651291757469313 0.6600017488600767 0.6607175783027912 0.6547377802866723 0.973034189165136 0.8168993136039742 0.9774457866092761
0 0.666063613037149 0.3406271560117815 0.5046403758267732 0.3387795558630834 0.5024101010895147 0.653298101440946 0.6638333382998904 0.6551457015896441
0 0.16267658600628573 0.3613269616828791 0.005003932157465432 0.35843775099964054 0.0016382071203464334 0.6549110790004873 0.15931086096916675 0.6578002896837258
0 0.32714441550964185 0.026936556031787195 0.17213800459903944 0.024788215430310193 0.16950783594762275 0.33109735200555435 0.32451424685822516 0.3332456926070313
0 0.8294110730126952 0.3763183779888465 0.6750228008760043 0.37134005580283125 0.6692347556265129 0.6610697808870512 0.8236230277632038 0.6660481030730663
0 0.3262735936812823 0.6720951711072002 0.1590878343623479 0.6682749420351644 0.15460854912388927 0.9846836485866538 0.32179430844282364 0.9885038776586896
0 0.15820312500000006 0.6588089330024814 6.365412684044713e-17 0.6588089330024814 7.890241462279945e-17 0.9751861042183623 0.15820312500000008 0.9751861042183623
0 0.33126032214323725 0.37643483755963647 0.1748128851752779 0.37031908358157994 0.16767028534375744 0.6652393346895212 0.32411772231171676 0.6713550886675779
0 0.9897579675557198 0.36917351191135545 0.8344470080769478 0.3677590449431309 0.8328474126268547 0.6512565770211755 0.9881583721056266 0.6526710439894
0 0.4855594944689747 0.036175680162257785 0.3315082397846491 0.03374942739689135 0.3286099383995186 0.33078096984785255 0.48266119308384414 0.333207222613219
0 0.9824480771530435 0.6850569646402539 0.8271838516869494 0.683196032868199 0.8250611296665036 0.9690629546886383 0.9803253551325977 0.9709238864606933
0 0.1677605230776375 0.006038478130219545 0.015529375232169426 0.002703903487587513 0.01111409384286774 0.32805426610967525 0.1633452416883358 0.3313888407523073
0 0.9872139726890943 0.03151747851686101 0.8314335203335864 0.029285358749532663 0.8287752941624567 0.32873046933556177 0.9845557465179645 0.3309625891028901