0 0.25272119448356783 0.9614828701502177 0.2346772299714302 0.7840869241207888 0.06888497794185172 0.7932907936937256 0.08692894245398934 0.9706867397231544
0 0.924667738441187 0.21128285196879654 0.7634808381839806 0.20922974902488864 0.7593140774015001 0.3877697518109213 0.9205009776587065 0.38982285475482925
0 0.7444506873256146 0.2099865323642211 0.739951105131786 0.0263270112586221 0.5769201730812914 0.02850696212287901 0.58141975527512 0.21216648322847803
0 0.7529680087470483 0.39202853540546295 0.7487745438391578 0.2133769653899308 0.5868245354124012 0.2154517121843476 0.5910180003202917 0.3941032821998798
0 0.24131136793246086 0.777931493155018 0.23785126714310179 0.6010412741093277 0.07261293574185035 0.6028053354479669 0.07607303653120939 0.7796955544936571
0 0.5966709034521328 0.5721364182692308 0.583496873252326 0.3969501201923077 0.42016167573338753 0.40365384615384614 0.4333357059331943 0.5788401442307692
0 0.4219214358119336 0.7717788702621388 0.4162643724873662 0.5941600643890925 0.2542686032619771 0.5969760064713306 0.2599256665865446 0.7745948123443769
0 0.7712493119746312 0.7591495362421619 0.7699670241208026 0.5857908552459689 0.6071606937150844 0.5864481030951403 0.608442981568913 0.7598067840913333
0 0.39411046183653264 0.21211359146106398 0.38723608958800143 0.029284827968388587 0.2200925313945803 0.03271484374999999 0.22696690364311153 0.2155436072426754
0 0.23000477896350677 0.4257301114895387 0.05906606030297909 0.4220590557611284 0.0520453881216384 0.6004801149196612 0.22298410678216607 0.6041511706480716
0 0.2241127611433082 0.4068059205292478 0.21371515530527357 0.22654826015173732 0.04551506569953927 0.2318434775389917 0.05591267153757388 0.4121011379165022
0 0.7641228123371102 0.5760686752499107 0.7624197456918389 0.396778916271821 0.598104603813733 0.3976307830812425 0.5998076704590043 0.5769205420593322
0 0.24465718143572143 0.5957489696841255 0.23094057454131617 0.41942761400859224 0.1893703781518822 0.4211926021982815 0.20308698504628744 0.5975139578738148
0 0.5697232790978471 0.20990192711290453 0.5649738656144544 0.026278810534360052 0.39769120216243603 0.02864027553177468 0.4024406156458287 0.21226339211031917
0 0.2152768339573224 0.22094680089833946 0.20262407572423968 0.0303622274162951 0.03353700697955849 0.036488916084701103 0.04618976521264122 0.22707348956674545
0 0.2377425212941033 0.5967590851200554 0.2312114617406978 0.41984433227609635 0.14134259764399348 0.4216550335107152 0.147873657197399 0.5985697863546743
0 0.6022689006710698 0.7625074846031021 0.5958085883414302 0.5859182538777372 0.4319083755867638 0.5891908074817518 0.43836868791640327 0.7657800382071167
0 0.4185011883493674 0.5931229075423498 0.40952136512403725 0.41451468229544547 0.24506502614354594 0.4190273660725204 0.2540448493688761 0.5976355913194247
0 0.4066768251147528 0.3978879105430229 0.39909646475514665 0.218174350346749 0.23516127816917326 0.22194832635367398 0.24274163852877934 0.40166188654994783
0 0.9378711444430239 0.5669610135561861 0.9304306312186514 0.3919787680224279 0.7673017271731818 0.3957645689849933 0.7747422403975541 0.5707468145187514
0 0.9478221463426143 0.585814502119507 0.7865470571585697 0.5851074094071106 0.7851639007155601 0.7572864109496207 0.9464389898996048 0.7579935036620171
0 0.5811317008039872 0.3948991880274503 0.5741426195651483 0.21573197463467456 0.41028975481872804 0.2192204329655876 0.41727883605756694 0.3983876463583633
0 0.925048357230628 0.20658729841378398 0.9209140968880364 0.02485849667975644 0.7580415315763208 0.0268807704399047 0.7621757919189124 0.20860957217393225