0 0.6650390625 0.03429271279853041 0.50048828125 0.0342927127985304 0.50048828125 0.3551745254133498 0.6650390625 0.3551745254133498
0 0.5029853885493218 0.005405955530662387 0.32737560282998873 0.003750029856925651 0.32531720339881287 0.34709055077633205 0.5009269891181459 0.3487464764500688
0 0.6246408589142597 0.6695744589629309 0.6224769305014742 0.35748112168232904 0.47147357270953044 0.3591278901093793 0.4736375011223158 0.671221227389981
0 0.47410477049550626 0.35267830791625154 0.3208001543255742 0.3500263844082926 0.31735346314910357 0.6634156715377187 0.47065807931903564 0.6660675950456777
0 0.8263728475430492 0.34929567177180637 0.8226813100456741 0.02984769453416811 0.6643557558536329 0.032725395706415326 0.668047293351008 0.35217337294405365
0 0.16300108649043885 0.35452099035202683 0.006716279370594774 0.34715675292107995 -0.0028443070116674386 0.6662819116738252 0.15344050010817664 0.673646149104772
0 0.7805899241691271 0.6716014400562608 0.7791555025385015 0.3531861899550623 0.6245739033075328 0.35428147787347186 0.6260083249381584 0.6726967279746703
0 0.31792250339985334 0.35208979967559106 0.16122707247799647 0.3500284326613783 0.15861843116825078 0.6619194832992128 0.31531386209010764 0.6639808503134256
0 0.3283205300548984 0.04119155165391679 0.16763488610897473 0.0385658676343668 0.16443527513857215 0.3465436084621442 0.32512091908449586 0.3491692924816942
0 0.15576171875000006 0.6699326393141457 6.544804305013564e-17 0.6699326393141457 8.123450569539449e-17 0.9932639314145744 0.15576171875000008 0.9932639314145744
0 0.62890625 0.6693202694427434 0.4687500000000001 0.6693202694427434 0.4687500000000001 0.9993876301285977 0.62890625 0.9993876301285977
0 0.31409392827057236 0.6665083492410973 0.15796169769005683 0.6604834058480237 0.14988594839944439 0.9896456059601877 0.3060181789799599 0.9956705493532613
0 0.8076324009255801 0.9991441098122344 0.8065661981336187 0.6728769147255438 0.6280703809317106 0.6737943638376817 0.629136583723672 1.0000615589243722
0 0.9575668863968932 0.6679833675821151 0.952423642573728 0.3476177543699249 0.779124558546263 0.3519937312735722 0.7842678023694282 0.6723593444857625
0 0.9765692264591352 0.9993127794150587 0.9712366122493435 0.6702725222433815 0.8021824988695678 0.6745817992013692 0.8075151130793595 1.0036220563730462
0 0.9815067434301837 0.3471811306622309 0.9808730001566368 0.031646059616874285 0.8256755729381465 0.03213633239285867 0.8263093162116935 0.34767140343821534
0 0.16508058241068396 0.040859446640629585 0.010545845448222194 0.03886827688017238 0.008000539214859954 0.34957124737422535 0.16253527617732172 0.35156241713468256
0 0.472619732435428 0.6679071445197619 0.3141319963136084 0.662385900667658 0.30686424802428686 0.9905160573578579 0.46535198414610646 0.9960373012099617