0 0.7337265709734273 0.6642297089660159 0.7290028470715835 0.3619113792480116 0.5814736984815617 0.36600941115328994 0.5861974223834056 0.6683277408712942
0 0.5819900243462333 0.05086526659705761 0.42813778065259384 0.04864357354732995 0.4257158196252997 0.34681388668532326 0.5795680633189391 0.349035579735051
0 0.57666015625 0.3600260416666668 0.43017578125 0.36002604166666674 0.43017578125000006 0.6627604166666667 0.57666015625 0.6627604166666669
0 0.4356386251939457 0.6759935929178224 0.2856247369354946 0.6713954660746513 0.28020612393536254 0.9856750200823101 0.4302200121938137 0.990273146925481
0 0.74072265625 0.6712239583333334 0.58837890625 0.6712239583333334 0.58837890625 0.9889322916666666 0.74072265625 0.9889322916666666
0 0.12158203125000004 0.3528645833333333 3.276886943031004e-17 0.3528645833333333 4.7120199107818084e-17 0.6653645833333334 0.12158203125000006 0.6653645833333334
0 0.27314534827479225 0.3480985400166397 0.26276785613130266 0.040050878494106386 0.11129994036808383 0.049122243031541085 0.12167743251157344 0.35716990455407444
0 0.274241314657284 0.6621967103022414 0.2730263934865069 0.356036575266409 0.12301715876245731 0.3570948414725752 0.12423207993323442 0.6632549765084075
0 0.42675781250000006 0.35546875 0.27783203125 0.35546875 0.27783203125000006 0.6634114583333334 0.4267578125000001 0.6634114583333334
0 0.2854980890773553 0.6667949618265631 0.13053104067631813 0.6607178226735811 0.12326801534140024 0.9899749711898589 0.2782350637424374 0.9960521103428408
0 0.5869893994156659 0.9860197529162953 0.585380112190388 0.6727451730621884 0.4330100664229254 0.6741366803294712 0.4346193536482033 0.987411260183578
0 0.11425781250000001 0.04166666666666668 4.096108678788755e-18 0.041666666666666664 1.8297945338822757e-17 0.3509114583333333 0.11425781250000003 0.3509114583333333
0 0.12646484375000006 0.673828125 6.24581827006548e-17 0.673828125 7.728789003407978e-17 0.9967447916666666 0.12646484375000008 0.9967447916666666
0 0.424931546169734 0.3443022134716999 0.4211903305094707 0.040016673103618124 0.26729502157778073 0.04338050499283539 0.27103623723804404 0.3476660453609171
0 0.8843298723428835 0.6657513574399261 0.8799308283271718 0.36075097235058534 0.733181463724584 0.3645137765711645 0.7375805077402957 0.6695141616605053
0 0.8934251988177001 0.676968124496424 0.7436623947922646 0.6763047233711728 0.742876839820382 0.9915741187533573 0.8926396438458175 0.9922375198786085
0 0.73095703125 0.056640625000000104 0.58251953125 0.05664062500000009 0.58251953125 0.3528645833333335 0.73095703125 0.3528645833333335
0 0.8790238892904804 0.35662046819395016 0.8748217165258008 0.05966692615658368 0.7328192768572065 0.06323931457591934 0.7370214496218861 0.36019285661328576