0 0.2884076869753999 0.7276446728341691 0.14477339706966222 0.7238595146734044 0.13956401949305666 0.9879133053864538 0.2831983093987943 0.9916984635472187
0 0.8044944952258827 0.4749866460496529 0.7970851468274003 0.2561441912201329 0.6672037720479983 0.2620181079438887 0.6746131204464807 0.4808605627734087
0 0.69775390625 0.7262979683972912 0.5498046875 0.7262979683972912 0.5498046875 0.9971783295711061 0.69775390625 0.9971783295711061
0 0.5457441944749909 0.7222525845948361 0.5439165275541901 0.5004571587206762 0.4135014592638989 0.5018926637183034 0.4153291261846998 0.7236880895924633
0 0.4168648465493431 0.9685522850727991 0.4157299899456927 0.7285262707711678 0.2837485740846148 0.7293598136164091 0.28488343068826516 0.9693858279180404
0 0.8351084700143871 0.9723224854098798 0.8333471821048405 0.7300837726494741 0.696510895684755 0.7314127590987615 0.6982721835943017 0.9736514718591672
0 0.6828832244727769 0.7243323707165122 0.6760756519413407 0.4874213338763239 0.5425275754514804 0.4925473160380798 0.5493351479829167 0.7294583528782681
0 0.6737510205964601 0.48139135582993825 0.6703198896300684 0.2622946678450877 0.5425756624562499 0.26496690646139137 0.5460067934226416 0.4840635944462419
0 0.1540810028958713 0.7209039501987367 0.1535582800088501 0.4919348062242653 0.024390107681988904 0.49232870310289534 0.024912830569010093 0.7212978470773667
0 0.29523280546564024 0.2675090947799764 0.16993466996114925 0.26711664465011353 0.1694260989437215 0.4840089814008894 0.2947242344482125 0.4844014315307523
0 0.285258764220605 0.4955286492859851 0.15721149175028273 0.4944159317669368 0.15572663647364338 0.7226613153290875 0.2837739089439656 0.7237740328481359
0 0.5298470832650337 0.027415662818735715 0.39422692034118584 0.020974134934415484 0.3856834620293181 0.26124523942227756 0.5213036249531658 0.26768676730659774
0 0.41329358735542715 0.7226518882096351 0.4095696174377225 0.4945398166817959 0.2810131575289146 0.49734321152285854 0.2847371274466192 0.7254552830506977
0 0.42236532382772635 0.4820781095697395 0.42172984413083825 0.26394360702438235 0.2944214047089332 0.26443901954677723 0.2950568844058213 0.4825735220921344
0 0.9863566812024358 0.7204557445415029 0.9844991550286462 0.47643075602812074 0.8222233512393584 0.4780807671798941 0.8240808774131481 0.7221057556932763
0 0.5483870542388003 0.9644034648267767 0.5469484882471549 0.7249845180276125 0.41612593978305695 0.726034510892135 0.4175645057747023 0.9654534576912992
0 0.14111328125000006 0.7217832957110609 7.860342858785135e-17 0.7217832957110609 9.247638060944247e-17 0.9836343115124153 0.14111328125000008 0.9836343115124153
0 0.9998139013572158 0.9722937856406363 0.9973837365448434 0.7185765335365807 0.8322874297991831 0.7206888333305161 0.8347175946115555 0.9744060854345717
0 0.5465592730112189 0.4825016144386646 0.5427788158146355 0.26622191423503233 0.41624724112378886 0.2691762506575744 0.42002769832037223 0.48545595086120663
0 0.823592094319862 0.72411044371289 0.8141253580889601 0.4779325624939506 0.6756077404971661 0.48504778900079776 0.685074476728068 0.7312256702197371
0 0.16949168995436167 0.26758385495167863 0.04279342790932803 0.2650372062062843 0.03949013826158443 0.48456056338364634 0.16618840030661808 0.4871072121290407
0 0.9643879270648682 0.4742184479349599 0.9622451373116553 0.23894690482823888 0.8030625285633171 0.24088349733576292 0.80520531831653 0.4761550404424839