0 0.7893479109815656 0.3694777619497752 0.6607535699018553 0.36782903914358345 0.658998575552797 0.6679977906285174 0.7875929166325073 0.669646513434709
0 0.781406375378923 0.06707544124033137 0.6572486913440964 0.06571353375577908 0.6557466089823604 0.36599967357701135 0.779904293017187 0.36736158106156364
0 0.6553173306542727 0.07229814314088623 0.5322906769977404 0.06996246831017097 0.5297305104765818 0.3656755852703715 0.6527571641331141 0.3680112601010867
0 0.5319078790256551 0.36092912376423636 0.5296668173444323 0.005833467526767642 0.3610647942822053 0.008166854537474705 0.363305855963428 0.3632625107749435
0 0.18800915625867778 0.36131600550731763 0.1870061713387699 0.05906581093019022 0.05076699533437366 0.060057202831700504 0.05176998025428155 0.36230739740882795
0 0.46820889040149555 0.6664554825594462 0.3199123506583226 0.6629134944387872 0.316399646456437 0.98542190278197 0.46469618619960995 0.9889638909026289
0 0.53515625 0.3651482284887926 0.40966796875 0.3651482284887926 0.40966796875 0.6688358640636298 0.53515625 0.6688358640636299
0 0.8561759798972163 0.6726592178784383 0.7246938539077746 0.6697789837374707 0.7216248809005504 0.9769976057118382 0.8531070068899921 0.9798778398528061
0 0.1564184119762158 0.3632551097695927 0.021512901676211702 0.3627544247869002 0.02098422118107028 0.675127760987753 0.1558897314810744 0.6756284459704455
0 0.3603515625 0.005784526391901713 0.1884765625 0.005784526391901698 0.18847656250000003 0.36080983369486624 0.3603515625 0.3608098336948663
0 0.65625 0.3694866232827188 0.53662109375 0.3694866232827188 0.53662109375 0.6666666666666669 0.65625 0.6666666666666669
0 0.2876302199281791 0.3668225110509881 0.160535990115626 0.36288102285806795 0.1562103991423953 0.6687437795132917 0.2833046289549484 0.6726852677062118
0 0.31835937500000006 0.6702819956616052 0.16455078125000006 0.6702819956616052 0.16455078125000006 0.9920462762111352 0.3183593750000001 0.9920462762111352
0 0.16618195549953776 0.6740027971691384 0.012264239100601017 0.672906992747365 0.011218799206200227 0.9949175986594578 0.16513651560513698 0.9960134030812313
0 0.725566389121081 0.6706599049472065 0.596498463535957 0.6681283978425023 0.5937557381878974 0.9747742143416878 0.7228236637730213 0.9773057214463917
0 0.5947326171496586 0.6681417433115014 0.4687678282577141 0.6676754094581921 0.46824895027511554 0.9750252600328335 0.59421373916706 0.975491593886143
0 0.40966796875 0.36297903109182944 0.2861328125 0.36297903109182944 0.2861328125 0.6623282718727405 0.40966796875 0.6623282718727405
0 0.93701171875 0.3615328994938541 0.78857421875 0.3615328994938541 0.78857421875 0.6688358640636299 0.93701171875 0.6688358640636299
0 0.9794451031267715 0.6711135418242128 0.8525697242374977 0.6696224150124438 0.8509329963843137 0.9750123998702792 0.9778083752735875 0.9765035266820482
0 0.90576171875 0.06507592190889386 0.7802734375 0.06507592190889386 0.7802734375 0.36370209689081723 0.90576171875 0.36370209689081723