0 0.4342447916666667 3.0347082547230555e-17 0.21614583333333334 2.0331050376469733e-17 0.21614583333333334 0.15869140625000003 0.4342447916666667 0.15869140625000006
0 0.6567333186746492 0.00009083321117769275 0.4412434293091389 -0.001704915866868253 0.43864705810496657 0.17355014041476363 0.6541369474704769 0.17534588949280958
0 0.7351885845861174 0.9837537192023943 0.728935974619525 0.6695600683811248 0.46068882818299933 0.6725628349457127 0.4669414381495917 0.9867564857669822
0 0.22308836349385766 0.00017072765153133135 0.009934778088210196 -0.015086116117130158 -0.010645792011459909 0.14665032064440794 0.2025077933941876 0.16190716441306943
0 0.7188249048299603 0.4156576560246821 0.4690948338065013 0.4109039110178903 0.4604490091908295 0.666388028410993 0.7101790802142883 0.6711417734177848
0 0.8965037216197519 0.41013493840891097 0.8957679610058723 0.16954121767028807 0.6692245713153459 0.16993091386815024 0.6699603319292254 0.41052463460677313
0 0.2051218475624732 0.3927501072078191 6.38956480318124e-17 0.39208984375 -0.001564598587063197 0.6655034468393121 0.20355724897540992 0.6661637102971312
0 0.4335139358108109 0.16032052364864868 0.2030663006756757 0.15777882179054056 0.19848141891891893 0.3916077913851352 0.4289290540540542 0.3941494932432433
0 0.18098958333333345 0.669921875 1.0970794242361705e-16 0.669921875 1.352214174058536e-16 0.982421875 0.18098958333333348 0.982421875
0 0.8739311725474694 0.17592161243741916 0.8695012945352049 -0.0029347123077660096 0.6588420771850396 1.6842931059232735e-7 0.6632719551973043 0.17885649317449576
0 0.6722128976222121 0.17644824230035835 0.4453143057321161 0.17278858759245355 0.43888559844369984 0.3969897542759737 0.6657841903337958 0.4006494089838785
0 0.9592543316831685 0.6708073561262377 0.9443227877475248 0.40577245126856437 0.7017797287541253 0.4134586749690594 0.7167112726897691 0.6784935798267328
0 0.45209843681152245 0.3954817041370622 0.19755796981714047 0.3939296281188038 0.1946251841677684 0.6644791042733809 0.4491656511621504 0.6660311802916393
0 0.9897060536474972 0.965191630890575 0.973983293397231 0.670389876198083 0.7237846528887113 0.6778958354133385 0.7395074131389775 0.9726975901058306
0 0.20377604166666666 0.15380859375 2.5513474982236526e-17 0.15380859375 4.4847905242212646e-17 0.390625 0.2037760416666667 0.390625
0 0.4622395833333335 0.66796875 0.18424479166666677 0.66796875 0.18424479166666682 0.9853515625 0.4622395833333335 0.9853515625