0 0.57708343954772 0.33835843276546645 0.5763279838866006 0.021912721322205998 0.41187516352346776 0.02253022368937069 0.4126306191845872 0.33897593513263113
0 0.5072456293924736 0.652147883604107 0.5062744884017546 0.34157306976874796 0.3450235215409028 0.34236612952915774 0.3459946625316219 0.6529409433645168
0 0.7571593261523841 0.9883293284591148 0.755556593492579 0.6546625698010432 0.5861673857254962 0.6559423088337458 0.5877701183853014 0.9896090674918174
0 0.905081187793762 0.025711656352734376 0.7432545318623739 0.023838251154105206 0.7409466617563356 0.3373957817887437 0.9027733176877237 0.33926918698737285
0 0.17480468750000006 0.3423147581139008 0.007324218750000034 0.3423147581139008 0.0073242187500000494 0.6619718309859155 0.17480468750000006 0.6619718309859155
0 0.83642578125 0.33986527862829163 0.671875 0.33986527862829163 0.671875 0.6558481322718922 0.83642578125 0.6558481322718922
0 0.3442817688780233 0.6565466335410749 0.3427983068816824 0.3402685388404824 0.1777620827350265 0.34148605329259996 0.17924554473136745 0.6577641479931926
0 0.2509018457765929 0.33555537221224846 0.24384654022034424 0.02254693562982107 0.07675322776245119 0.02847081747340087 0.08380853331869988 0.34147925405582835
0 0.4091796875 0.0238824249846908 0.24755859375 0.023882424984690787 0.24755859375000003 0.33741579914268216 0.4091796875 0.33741579914268216
0 0.24414062500000006 0.6601347213717085 0.07470703125000007 0.6601347213717085 0.07470703125000008 0.992651561543172 0.24414062500000008 0.992651561543172
0 0.5878917391090988 0.6578565930132433 0.4191188775903955 0.6556631868064761 0.41636700190253145 0.9887058665027105 0.5851398634212346 0.9908992727094778
0 0.41714865162490217 0.6587816572925006 0.24870913273296794 0.6569122268252532 0.24635494414398984 0.9905409714766074 0.41479446303592404 0.9924104019438548
0 0.9995783399569901 0.34633053315995904 0.8409283727352614 0.3431148848669112 0.8368442855516262 0.6600380495394583 0.9954942527733548 0.6632536978325061
0 0.6739000015211962 0.6541458064989227 0.6702799885645728 0.3389415150029841 0.5082042369613642 0.3418691948456625 0.5118242499179876 0.6570734863416012
0 0.9239881021105478 0.9920282457625003 0.9232337222491264 0.6571113048613066 0.7576249404946556 0.6576980153712915 0.758379320356077 0.9926149562724852
0 0.7432023693578722 0.025850827225813243 0.5801042313860156 0.022497600372226194 0.5760127441143874 0.33550514591415054 0.739110882086244 0.3388583727677375