0 0.7460831982712047 0.21555555555555564 0.6596434359805511 0.21555555555555564 0.6596434359805511 0.391851851851852 0.7460831982712047 0.391851851851852
0 0.6662362722555236 0.2190435159710225 0.6642146525670413 0.04580193988857371 0.5858338536539401 0.047521440437173976 0.5878554733424224 0.22076301651962282
0 0.7801188546731497 0.4081481481481483 0.6591031874662344 0.4081481481481483 0.6591031874662344 0.6622222222222224 0.7801188546731497 0.6622222222222224
0 0.5878254267233197 0.21391791791791792 0.5848482193700993 0.038388388388388386 0.5007531356315797 0.04106986986986987 0.5037303429848 0.2165993993993994
0 0.655861696380335 0.691851851851852 0.5283630470016208 0.691851851851852 0.5283630470016208 0.9496296296296296 0.655861696380335 0.9496296296296296
0 0.13237351491526345 0.05260423430586851 0.03188671421351495 0.052066036770859976 0.03132188384361002 0.2503240069646832 0.13180868454535852 0.2508622044996917
0 0.30873911733910875 0.24810488364470665 0.30760794213125653 0.049581120943952804 0.22039689554112807 0.050515308717322745 0.2215280707489803 0.2490390714180766
0 0.4205829487493862 0.6243774701486595 0.41921505687342897 0.4480774856558493 0.3392041112930279 0.44924454838452804 0.3405720031689851 0.6255445328773381
0 0.6583200114675485 0.4145304135538285 0.5053289918124636 0.41367769937923776 0.5045197036981014 0.6866451850995037 0.6575107233531863 0.6874978992740944
0 0.7850444707385034 0.6917031147816024 0.6564772110970253 0.6900081147987223 0.6546332141110695 0.9529538894538433 0.7832004737525476 0.9546488894367234
0 0.9831775481977258 0.2185835293217845 0.9041579054088165 0.21612114954396847 0.9013091194897511 0.3879852387234939 0.9803287622786605 0.39044761850130993
0 0.4155514073638184 0.24881810933825832 0.41378114437652064 0.04088564146210457 0.30790055671816907 0.04258028018026806 0.30967081970546684 0.2505127480564218
0 0.898519880543612 0.2115667507349447 0.8932375479496262 0.039191325824626255 0.8156377762051947 0.04366182621363785 0.8209201087991804 0.21603725112395633
0 0.8208781733455043 0.21684984171692 0.8178447402672308 0.04493732471503026 0.7386270664681247 0.047565136797506 0.7416604995463982 0.21947765379939577
0 0.18314424635332258 0.4533333333333333 0.10480821177741766 0.4533333333333333 0.10480821177741767 0.6296296296296297 0.18314424635332258 0.6296296296296297
0 0.3873581847649919 0.24592592592592602 0.2895732036736899 0.24592592592592602 0.2895732036736899 0.44666666666666666 0.3873581847649919 0.44666666666666666
0 0.2610219143518816 0.452629469455904 0.18424062449399148 0.4521594887431825 0.18367091786270553 0.6271328534026582 0.26045220772059563 0.6276028341153796
0 0.8223166324498282 0.3917296985725427 0.8213378544731734 0.21995198860746618 0.7439182145849952 0.22078129273612948 0.7448969925616501 0.3925590027012059
0 0.4991896272285251 0.2170370370370371 0.4181523500810373 0.2170370370370371 0.4181523500810373 0.3940740740740741 0.4991896272285251 0.3940740740740741
0 0.20151269584008646 0.25037037037037035 0.10858995137763375 0.25037037037037035 0.10858995137763375 0.45111111111111113 0.2015126958400865 0.45111111111111113
0 0.22133182206321977 0.2485747198659545 0.21993853081937012 0.05180793800397947 0.13100522376013984 0.05299179669773448 0.13239851500398947 0.24975857855970954
0 0.2614802809292275 0.6288888888888889 0.1836844948676392 0.6288888888888889 0.1836844948676392 0.8044444444444444 0.2614802809292275 0.8044444444444444
0 0.18480920100470527 0.6290460553503653 0.10486100690904399 0.6280802592513536 0.1037069782971648 0.8076714740860046 0.18365517239282608 0.8086372701850163
0 0.34035656401944897 0.45111111111111113 0.25985953538627776 0.45111111111111113 0.25985953538627776 0.6274074074074074 0.34035656401944897 0.6274074074074074
0 0.902215018908698 0.21407407407407425 0.8211777417612102 0.21407407407407425 0.8211777417612102 0.3874074074074076 0.902215018908698 0.3874074074074076
0 0.5013662703865815 0.8009206917680151 0.5006430312806232 0.6214336392432969 0.42053050220817223 0.6220405076341833 0.4212537413141307 0.8015275601589014
0 0.3467027645054993 0.8043019087817764 0.3457782019538532 0.6280946685221604 0.26252982592880836 0.6289158395534546 0.2634543884804545 0.8051230798130705
0 0.2931393602189221 0.2515606929070966 0.20166843516796062 0.2509398176512501 0.20095223020822636 0.44930312643239984 0.2924231552591879 0.44992400168824637
0 0.10455262365511443 0.8073460081284012 0.10351898389068023 0.6273571674588413 0.02418394172416646 0.6282136805125025 0.025217581488600666 0.8082025211820624
0 0.5035702558129863 0.21534936494661835 0.5006644849843658 0.042039506824928734 0.4144069219153633 0.044758327586797146 0.41731269274398386 0.2180681857084868
0 0.5843185618990788 0.3901065832917335 0.5804127784806075 0.2160605344052968 0.4979824036626014 0.2195381098762513 0.5018881870810727 0.39358415876268804
0 0.9022374907814955 0.659241530874258 0.901684982271841 0.40470454386643473 0.7817347957526647 0.4051940231328523 0.7822873042623193 0.6597310101406756
0 0.49864937871420856 0.4451851851851852 0.41869259859535385 0.4451851851851852 0.41869259859535385 0.6222222222222222 0.49864937871420856 0.6222222222222222
0 0.1064289573203674 0.4533333333333333 0.025931928687196147 0.4533333333333333 0.025931928687196158 0.6274074074074074 0.10642895732036742 0.6274074074074074
0 0.5024387144594756 0.8185431422168318 0.3709334019267658 0.8176886000595628 0.37054912920875277 0.9288604052594888 0.5020544417414626 0.9297149474167578
0 0.9027821237284067 0.9476296321042923 0.9005807730186829 0.6865469919858052 0.7795687877246036 0.688465152420653 0.7817701384343275 0.94954779253914
0 0.9714575314979632 0.21180702704654608 0.9684420072102196 0.04090944763417952 0.8929733806897938 0.0434128961590775 0.8959889049775375 0.21431047557144406
0 0.10858995137763375 0.2511111111111111 0.019448946515397112 0.2511111111111111 0.019448946515397122 0.45037037037037037 0.10858995137763375 0.45037037037037037
0 0.6638427287107846 0.21952256134583212 0.5815849781103225 0.2172668710293661 0.579021335820075 0.3930187924830069 0.6612790864205371 0.3952744827994729
0 0.4208535926526203 0.6266666666666667 0.34035656401944897 0.6266666666666667 0.340356564019449 0.8044444444444444 0.42085359265262035 0.8044444444444444
0 0.7439845763858957 0.2154160018720616 0.7418670256324802 0.044115557257429744 0.6652286933092036 0.04589656859616652 0.667346244062619 0.2171970132107984