0 0.40763651526475 0.5071798314087904 0.40380546536151124 0.28179940076615234 0.23635045628711876 0.284226138823097 0.2401815061903574 0.5096065694657351
0 0.7649915048174487 0.7288581533108546 0.7587252938205848 0.5040368531811827 0.5915303695338515 0.5080098096034876 0.5977965805307154 0.7328311097331595
0 0.5801868242437223 0.2723940740825269 0.5767856485951975 0.04000144068376849 0.4091872294766239 0.04209266092865619 0.4125884051251486 0.27448529432741464
0 0.7700082916516048 0.9588648500887423 0.7656454884512204 0.7352914236815414 0.6022643395694133 0.7380095556541582 0.6066271427697977 0.9615829820613591
0 0.584971333009914 0.7329831305024928 0.5787982713835504 0.5075806137268215 0.41552381675391187 0.5113928801720792 0.42169687838027553 0.7367953969477504
0 0.5820804490800049 0.5035070137044348 0.5773544290959188 0.2773207280061132 0.40999479869338745 0.2803020106103434 0.41472081867747346 0.506488296308665
0 0.933907826209972 0.4886361415207006 0.933359014035643 0.26415025626990446 0.7673077635598727 0.2644963549960191 0.7678565757342017 0.48898224024681525
0 0.22224313472736956 0.5072483282040512 0.22058656005302216 0.2783209785252158 0.05180017149624004 0.2793622738323682 0.05345674617058746 0.5082896235112037
0 0.7565570116523705 0.5007518342529463 0.7560027810238404 0.27097912759809545 0.5901529384217294 0.2713201872144745 0.5907071690502597 0.5010928938693254
0 0.23636190722641953 0.5272266692251046 0.06807499005140674 0.5157028259473632 0.049874568936305486 0.7423016236001223 0.21816148611131828 0.7538254668778638
0 0.410699499379434 0.7372783992771239 0.4073601344947543 0.5101369086649182 0.2399916969191456 0.5122347088504351 0.24333106180382538 0.7393761994626408
0 0.22030437793421578 0.27974896375162545 0.21624339231965248 0.047269434736670994 0.04382445352325951 0.04983719725292588 0.047885439137822804 0.28231672626788035
0 0.4021830527165127 0.2745237711339219 0.3884007855989465 0.042112003802424025 0.21932540042395857 0.05066003479625527 0.2331076675415248 0.2830718021277531
0 0.22770638189269657 0.7576880480514929 0.05736279576730046 0.7568424296633379 0.05602086559043752 0.9873071432313496 0.2263644517158336 0.9881527616195046
0 0.5917503966155474 0.7421875 0.426758328926494 0.7421875 0.426758328926494 0.96533203125 0.5917503966155476 0.96533203125
0 0.937500035602832 0.5005454373316877 0.7705615278646752 0.4992391578770198 0.7685097414095116 0.7227897076974865 0.9354482491476683 0.7240959871521544
0 0.9509230615775455 0.9515327131418699 0.9432170757872503 0.7281140604735754 0.7748927130886709 0.7330637608160412 0.782598698878966 0.9564824134843357
0 0.4115342931941023 0.9697883578107641 0.4108272935776483 0.7439192410865312 0.24323837363549336 0.7443664709337959 0.24394537325194737 0.9702355876580289
0 0.7572851200114504 0.03174902164665467 0.5907120947524359 0.03107592094155344 0.5895990576800627 0.26590799332021214 0.7561720829390772 0.2665810940253134
0 0.9358268769025478 0.03378001895776654 0.7663691138148061 0.030837064014349724 0.7616433119892123 0.2628309368537998 0.9311010750769539 0.26577389179721667