0 0.7256595208295803 0.004876302916342262 0.5556565634218809 0.0016899143552900448 0.5530822959388688 0.47777650282565115 0.7230852533465683 0.48096289138670334
0 0.5528521410923823 0.000008936144167585944 0.38083696393791483 -0.001395717296073078 0.37972975790793023 0.4686072031267763 0.5517449350623977 0.4700118565670169
0 0.6523897107338411 0.48540907299445696 0.49456850134247793 0.4844230515276067 0.4937720483960644 0.9263125233530055 0.6515932577874276 0.9272985448198557
0 0.8151577361095116 0.4927256704359963 0.6516330559731667 0.49176221087063593 0.6508588580498238 0.9472495941924225 0.8143835381861687 0.9482130537577831
0 0.3796240522488608 0.0009209345307961589 0.2076543883867281 -0.004271112716225721 0.20345091069003035 0.47833907810948184 0.37542057455216304 0.4835311253565038
0 0.34132314994636265 0.4865605895552492 0.18623001727439092 0.48507216061564185 0.18501085150168056 0.9254259710584604 0.3401039841736523 0.9269143999980677
0 0.18750000000000006 0.4781818181818182 0.030761718750000035 0.4781818181818182 0.03076171875000005 0.9163636363636364 0.18750000000000006 0.9163636363636364
0 0.98046875 0.48272727272727295 0.81494140625 0.48272727272727295 0.81494140625 0.9409090909090911 0.98046875 0.9409090909090914
0 0.4948345751056324 0.4836893317416126 0.34250559337144304 0.48274080710010575 0.341720160850009 0.9199782392502914 0.49404914258419835 0.9209267638917983
0 0.20540823283626905 0.00026872407016527395 0.028300374674739816 -0.0080791906252275 0.021789853758006388 0.4707163549021034 0.19889771191953562 0.47906426959749615
0 0.8813555734020094 0.014772001906073154 0.7237408884500584 0.013770466458410744 0.7229446800378568 0.4481122888759467 0.8805593649898079 0.4491138243236091