0 0.5988065316637434 0.29439984705165667 0.5970241973555789 -0.003189695301657333 0.426695651539691 0.000028854474421147836 0.4284779858478555 0.2976183968277351
0 0.599179263685491 0.7863929166160144 0.5966395598872207 0.32400382612781903 0.4200057433371899 0.32706473663736535 0.4225454471354601 0.7894538271255608
0 0.77587890625 0.8057241977450132 0.5947265625 0.8057241977450132 0.5947265625 0.9991326973113617 0.77587890625 0.9991326973113617
0 0.41943359375 7.270344614192222e-17 0.24560546875 5.379736372663785e-17 0.24560546875 0.29488291413703394 0.41943359375 0.29488291413703394
0 0.22657190725344042 0.31081025167691784 0.03948045083142207 0.30073999220223274 0.031179221616972536 0.7873230583161598 0.2182706780389909 0.7973933177908449
0 0.7833484664000909 0.7778457968428919 0.7781452182193753 0.3088043372497825 0.600450971706337 0.3150235865306682 0.6056542198870527 0.7840650461237776
0 0.24521358451790462 0.00009799052686862058 0.06470589087772328 -0.011231488159094027 0.05887627954543332 0.2818083604457583 0.23938397318561463 0.2931378391317209
0 0.21289062500000006 0.810928013876843 0.017578125000000062 0.810928013876843 0.01757812500000007 0.9991326973113617 0.21289062500000006 0.9991326973113617
0 0.58447265625 0.8117953165654814 0.4033203125000001 0.8117953165654813 0.4033203125000001 0.9991326973113617 0.58447265625 0.9991326973113617
0 0.4038085937500001 0.813529921942758 0.21386718750000006 0.813529921942758 0.21386718750000006 0.9991326973113617 0.4038085937500001 0.9991326973113617
0 0.9658933238001712 0.7960459160854778 0.9576293172658054 0.3208189522913769 0.7797083780321504 0.33058048312550853 0.7879723845665163 0.8058074469196093
0 0.41015625 0.313096270598439 0.22900390625000003 0.313096270598439 0.22900390625000006 0.7857762359063313 0.41015625 0.7857762359063313
0 0.9609375 0.8274067649609715 0.78466796875 0.8274067649609715 0.78466796875 0.9991326973113619 0.9609375 0.999132697311362
0 0.77197265625 1.4933680829151592e-16 0.60107421875 1.3074936771469137e-16 0.60107421875 0.29661751951431065 0.77197265625 0.2966175195143107
0 0.9449269689297403 0.3043718110456726 0.9424795584279553 -0.004277856121330177 0.7714774991632786 1.7201560663256963e-7 0.7739249096650636 0.3086498391826094