0 0.3339843750000001 0.7003785830178475 0.13769531250000008 0.7003785830178475 0.1376953125000001 0.9994591671173607 0.3339843750000001 0.9994591671173607
0 0.5673798203263032 0.3331711991836112 0.562816591633725 0.030921094656011592 0.3808969628170219 0.034290640879285184 0.3854601915096001 0.33654074540688483
0 0.736134268715387 0.9992724722963247 0.7298745969226383 0.6858839844726213 0.5289911748761031 0.6908066315905481 0.5352508466688518 1.0041951194142515
0 0.5859477850601666 0.6673667151496212 0.5849263816487701 0.34719955733952906 0.3953203403007554 0.3479416510941146 0.396341743712152 0.6681088089042068
0 0.20151158045511958 0.35457322449514483 0.009763852785928898 0.34967956736491745 0.0028387967549455256 0.6825736399517753 0.1945865244241362 0.6874672970820027
0 0.7910580959354878 0.6727757137300282 0.7898412262916007 0.34794720297066434 0.5888247670050533 0.34887106606278967 0.5900416366489404 0.6736995768221534
0 0.19970703125 0.04921579232017309 0.027343750000000007 0.04921579232017308 0.02734375000000002 0.3358572201189832 0.19970703125000003 0.3358572201189832
0 0.3780292620456502 0.32955934435528755 0.37251555710958195 0.04939514416411347 0.2037036773995755 0.05347101084095145 0.20921738233564371 0.3336352110321255
0 0.53125 0.6917252568956193 0.3359375000000001 0.6917252568956193 0.3359375000000001 0.9994591671173607 0.53125 0.9994591671173607
0 0.394836790984994 0.35595227685465886 0.20687972504448263 0.35430000633929587 0.2045776651661996 0.6755774251987793 0.392534731106711 0.6772296957141422
0 0.99169921875 0.349378042184965 0.78857421875 0.349378042184965 0.78857421875 0.6830719307733911 0.99169921875 0.6830719307733912
0 0.7649644362084593 0.02935984973578633 0.5764429589520246 0.026491563452280115 0.5726073898193494 0.33577327167008936 0.7611288670757842 0.3386415579535955
0 0.9684208873947823 0.03707285041691261 0.775691789130242 0.03503331177881703 0.7729928548168831 0.34792480028797623 0.9657219530814234 0.3499643389260718