0 0.6564162680746303 0.3110163587194237 0.6417610406204044 -0.005854036514211206 0.3260768534004082 0.0006413533035684819 0.3407320808546341 0.3175117485372034
0 0.6517563361753639 0.6487948990020305 0.6372419201518138 0.3273856294867844 0.32754652700580106 0.3336074489968185 0.3420609430293511 0.6550167185120646
0 0.9783168740684971 0.31537357485360556 0.9572720917317483 -0.00874671361797422 0.6406572023770275 0.00039886210684282955 0.6617019847137764 0.3245191505784226
0 0.3347528292674117 0.004509151476814324 0.007961565467411771 0.003016225313130344 0.004640403101450356 0.3264338706343529 0.3314316669014503 0.3279267967980369
0 0.967846537848843 0.6477454397660664 0.9572677071176948 0.3251855563118601 0.644045974408836 0.32975560362656053 0.6546248051399841 0.6523154870807668
0 0.3394879265203727 0.6464820783837258 0.3249827485331307 0.32318116182449746 0.006234153178470445 0.3295433410627466 0.020739331165712468 0.652844257621975
0 0.32942898975109824 0.64990234375 0.009516837481698539 0.64990234375 0.00951683748169857 0.98583984375 0.32942898975109824 0.98583984375
0 0.6619525131585907 0.9895428621613183 0.6520645792233253 0.65318895320907 0.3287742957045093 0.6574170334718485 0.33866222963977477 0.9937709424240968
0 0.013177159590044044 0.65380859375 1.201337270027418e-16 0.65380859375 1.5066024494634898e-16 0.986328125 0.013177159590044075 0.986328125
0 0.015373352855051339 0.3779296875 7.037684753518831e-17 0.3779296875 9.521046125142672e-17 0.6484375 0.015373352855051365 0.6484375
0 0.9832939396629187 0.9892191381035628 0.9707270036244648 0.6527397763139159 0.6532419307525059 0.6580149380319738 0.6658088667909597 0.9944942998216206