0 0.3432784879208925 0.9994700735442618 0.3377229263480379 0.741731699146473 0.09422180368667503 0.7446840799639607 0.09977736525952963 1.0024224543617495
0 0.30078125000000006 0.2353515625 0.07421875000000006 0.2353515625 0.07421875000000007 0.4755859375 0.30078125000000006 0.4755859375
0 0.996330105755459 0.45955097117873206 0.9746252269329347 0.2281614594457497 0.7551913689840523 0.2397396278299872 0.7768962478065765 0.4711291395629696
0 0.5359762303605308 0.4708510634424796 0.5195829266127062 0.23073737913610837 0.3000143718951616 0.2391696052585442 0.3164076756429862 0.47928328956491545
0 0.8011241062623274 0.7230780787721894 0.7764939287475346 0.47061875924556207 0.5468576645710058 0.48322074935281056 0.5714878420857988 0.7356800688794379
0 0.5162104858116131 0.23331283034291206 0.5084111702293893 0.019806566279533096 0.30166887871898246 0.024054695557144182 0.3094681943012063 0.23756095962052315
0 0.76478654046148 0.4737849987176482 0.7522544576532545 0.23704612191851349 0.5317535071760469 0.24361190704438565 0.5442855899842723 0.48035078384352037
0 0.3020833333333333 0.027343750000000028 0.08528645833333336 0.027343750000000017 0.08528645833333337 0.2353515625 0.30208333333333337 0.2353515625
0 0.8619064399392196 0.9993415232125719 0.8482877979046705 0.7388849943018234 0.6009149572136916 0.7461606660868522 0.6145335992482406 1.0066171949976006
0 0.3218533158126696 0.7434863403932814 0.3128141629363302 0.4738762228701562 0.08101107668073114 0.47824775109257806 0.09005022955707064 0.7478578686157032
0 0.6027400578630392 0.9994496622048744 0.5864642157351029 0.7296775789343293 0.3348495084217051 0.7382165395897613 0.35112535054964145 1.0079886228603065
0 1.0114884782527607 0.7231390408180396 0.9990321219412118 0.4631126028144584 0.7850454621754701 0.46887871041293644 0.797501818487019 0.7289051484165177
0 0.7253527802861307 0.23495794024614283 0.7188736400938575 0.017096851280957778 0.5114808851281821 0.02056624681012335 0.5179600253204553 0.23842733577530842
0 0.5577620503715394 0.7306444696007595 0.5401307785888078 0.46782832458941603 0.30631085293779187 0.476651718010209 0.3239421247205234 0.7394678630215524
0 0.9451938925775419 0.2346574768519205 0.9286862110510845 0.01395695209602145 0.7246455776561763 0.022541588501051125 0.7411532591826338 0.2432421132569502