0 0.334094233486927 0.3884800061937174 0.18176330487642378 0.38743185760236076 0.17964037865398652 0.5609810762866099 0.33197130726448976 0.5620292248779666
0 0.6809990540163571 0.9319361683094837 0.6760416385458687 0.7407215715906504 0.5096259700871842 0.7431484667556729 0.5145833855576725 0.9343630634745062
0 0.796281199929902 0.23833405830662932 0.6484635781761133 0.23763239238058284 0.6470938741321183 0.3999423215939816 0.794911495885907 0.40064398752002806
0 0.6377005918990226 0.22919937033302615 0.6370163208552564 0.0772911986169208 0.4954295711377359 0.07764994882735371 0.4961138421815021 0.22955812054345906
0 0.19860142367038647 0.07887948322981235 0.05674074910824426 0.07310887951880993 0.0454219435644642 0.22962673742889345 0.1872826181266064 0.23539734113989585
0 0.5045572916666669 0.56005859375 0.34765625000000017 0.56005859375 0.34765625000000017 0.74267578125 0.5045572916666669 0.74267578125
0 0.497174394202012 0.5581520665528141 0.49068150149537787 0.38771363300367045 0.34059940439777053 0.3909296779414763 0.3470922971044046 0.5613681114906199
0 0.8352864583333334 0.5712890625 0.673828125 0.5712890625 0.673828125 0.74462890625 0.8352864583333334 0.74462890625
0 0.9512474981804949 0.3959125102347162 0.9461743983339234 0.23774050430411306 0.798582968202919 0.24040323629101262 0.8036560680494905 0.3985752422216157
0 0.6667036202947004 0.7398887328194651 0.6625472077761267 0.5590847882615155 0.5033923817483903 0.5611428248049777 0.5075487942669639 0.7419467693629272
0 0.9993489583333335 0.74853515625 0.8450520833333334 0.74853515625 0.8450520833333335 0.92626953125 0.9993489583333336 0.92626953125
0 0.17333668834520488 0.941544734970192 0.1654495070713327 0.7537312308861103 -0.0005962001264581268 0.7576535704262155 0.0072909811474140595 0.9454670745102972
0 0.1745925597783797 0.566625579355966 0.17252562401247992 0.39351970896185645 0.022053782675407335 0.39453034073203086 0.024120718441307133 0.5676362111261404
0 0.8065233446046375 0.562311596592598 0.8012039239001191 0.39873940992865636 0.6493316178656361 0.4015175618683115 0.6546510385701546 0.5650897485322532
0 0.34765625000000017 0.5634765625 0.1875000000000001 0.5634765625 0.18750000000000014 0.75 0.34765625000000017 0.75
0 0.4896916474108308 0.22584092689077503 0.34397102552138886 0.22438372067188062 0.3410738553886717 0.3873495406372201 0.48679447727811365 0.38880674685611455
0 0.34628779743642196 0.9364167526909899 0.33821386871889275 0.7452376548437819 0.17149646634451488 0.7491981361219063 0.17957039506204406 0.9403772339691143
0 0.9929998168447214 0.7450188357236256 0.9860222382966094 0.5697071747023146 0.83185302136657 0.5731587243350766 0.838830599914682 0.7484703853563877
0 0.1828517303132852 0.39375590512786734 0.17591333699778447 0.23035674254782362 0.025753798279565573 0.23394335573376832 0.03269219159506633 0.39734251831381207
0 0.335379005061486 0.2314675176874387 0.18691188901260125 0.2310504752266272 0.1861300636777015 0.3876109985402932 0.3345971797265863 0.3880280410011047
0 0.8471596549680035 0.9335011824541481 0.8424905457233458 0.7444022580455092 0.6797979784453206 0.7466618770354817 0.6844670876899784 0.9357608014441207
0 0.49375727331307223 0.07965156923232287 0.3493113795491267 0.07870126729966533 0.3476037038194711 0.22470754218521583 0.49204959758341665 0.22565784411787337
0 0.6479251497820108 0.5590672885985788 0.6431017297854182 0.3897652467181824 0.49341657720058046 0.39216404724037535 0.49823999719717293 0.5614660891207717
0 0.34147935312514716 0.0796083585806207 0.1963237246534153 0.07869351218268962 0.19460776417525782 0.23184298485824748 0.3397633926469896 0.23275783125617855
0 0.17711064954938383 0.7483873790049019 0.16393339650838165 0.5710435151614145 -0.0008850677954764796 0.5779322125858791 0.012292185245525685 0.7552760764293666
0 0.9604051440647753 0.5705964089943143 0.9572630800589206 0.3950335826671921 0.8052613138463559 0.39656380179013734 0.8084033778522106 0.5721266281172596
0 0.6427036696429779 0.39020394085532184 0.6399565817294041 0.22846913994366808 0.492770408478008 0.22987537726772603 0.49551749639158177 0.39161017817937976
0 0.5117999675754208 0.931304935055916 0.5047478193762757 0.7424081082930982 0.3408294563728704 0.7458503939161698 0.3478816045720155 0.9347472206789876
0 0.7817319348540006 0.08106816277591594 0.6395921663729341 0.08055563957225824 0.6385997360019645 0.23537477744351676 0.780739504483031 0.23588730064717447
0 0.9303918950251915 0.24166202899901107 0.9289543372129069 0.08478853273343862 0.7883494023808822 0.08551330043875834 0.789786960193167 0.24238679670433078