0 0.704129808339818 0.024800798241150997 0.5526066140159224 0.02270359139929774 0.5502192676845146 0.32934496463346513 0.7017424620084102 0.33144217147531835
0 0.546875 0.023437500000000094 0.39599609375 0.02343750000000008 0.39599609375 0.33398437500000006 0.546875 0.33398437500000017
0 0.5517125115542739 0.653670026890992 0.5501505612445504 0.34023866473980463 0.3991015042975001 0.34157686236502766 0.40066345460722363 0.6550082245162149
0 0.7066123372158643 0.6516717160852318 0.7055600642888261 0.34090044496665867 0.5536889533615409 0.3418146427750999 0.554741226288579 0.6525859138936729
0 0.8614074578244197 0.33856417468078776 0.8592464507080831 0.018735121462965965 0.7045486318931586 0.020593353520802913 0.7067096390094952 0.3404224067386247
0 0.2419768366557505 0.6577763214557544 0.2401610829339923 0.34546668131334374 0.08639201056626306 0.34705602573058125 0.08820776428802128 0.659365665872992
0 0.99951171875 0.6608072916666669 0.87109375 0.6608072916666669 0.87109375 0.9837239583333335 0.99951171875 0.9837239583333336
0 0.8603515625 0.3463541666666668 0.708984375 0.3463541666666668 0.708984375 0.6549479166666669 0.8603515625 0.6549479166666669
0 0.244305465553778 0.3412002704626093 0.24025973440526513 0.02428466382910038 0.08510189477980577 0.027805976501451213 0.08914762592831862 0.3447215831349601
0 0.39569258487126774 0.3320851030700932 0.3906793469671355 0.023269648175551622 0.24162892988388807 0.0275712475141735 0.24664216778802026 0.33638670240871504
0 0.24253443153988413 0.662418105674397 0.0847362226984207 0.6582101534386245 0.07988445246901249 0.9816615020658405 0.2376826613104759 0.9858694543016128
0 0.718265945497742 0.6572845118241126 0.5615066040176894 0.6560022268222307 0.5600284552008846 0.9772532363411117 0.7167877966809373 0.9785355213429936
0 0.5572140710445516 0.9798022295856893 0.556698427158829 0.6566653945328829 0.4028146906023513 0.6571019441401352 0.40333033448807387 0.9802387791929417
0 0.39550781250000006 0.3404947916666667 0.24462890625000006 0.3404947916666667 0.24462890625000006 0.6549479166666666 0.3955078125000001 0.6549479166666666
0 0.39844257431386654 0.6583362627599201 0.24162296233909036 0.6575589660462904 0.2407172445482436 0.982409747029979 0.3975368565230198 0.9831870437436088
0 0.8755940099720221 0.981033105327382 0.87295306830783 0.6579579084078789 0.7172165021772112 0.6602211100955174 0.7198574438414034 0.9832963070150204
0 0.99951171875 0.3444010416666668 0.8642578125 0.3444010416666668 0.8642578125 0.6555989583333335 0.99951171875 0.6555989583333335
0 1.0004572740149462 0.024493289764308823 0.8631651765981045 0.023749159155003415 0.8622154741255555 0.33525157015108714 0.9995075715423971 0.3359957007603926