0 0.3354214196910827 0.6343516198952032 0.06479642996496943 0.6265863865330596 0.05355528389236268 0.9994543235468886 0.32418027361847596 1.007219556909032
0 0.7512512512512513 0.007324218750000077 0.5075075075075075 0.0073242187500000625 0.5075075075075075 0.3261718750000001 0.7512512512512513 0.3261718750000001
0 0.5098598023127711 0.008227645971451003 0.2680046683178029 0.003529517191054891 0.26145634834139375 0.324371616660194 0.5033114823363619 0.3290697454405901
0 0.2658434483673129 0.00491856807249517 0.018127197713896603 0.0014857770124426 0.013458265372668012 0.3221538863734477 0.2611745160260843 0.3255866774335003
0 0.7547547547547547 0.3266601562500001 0.5045045045045045 0.3266601562500001 0.5045045045045046 0.6630859375 0.7547547547547547 0.6630859375
0 0.27052488897875443 0.329016326371571 0.016455358101243458 0.3166229932980049 -0.0013479813978566856 0.663996746415212 0.25272154947965425 0.6763900794887782
0 0.6035378362772573 0.6375996137249443 0.3399299076359212 0.6337612228563474 0.33433433433433446 0.99951171875 0.5979422629756707 1.003350109618597
0 1.0079250354935494 0.32507455968463006 0.7634185755804749 0.3190564227508912 0.7545611188923826 0.6615625719778266 0.9990675788054572 0.6675807089115655
0 0.9240070119719606 0.6557010021308026 0.6570267724618032 0.631143140646619 0.6217758389027677 0.9958889064763046 0.888756078412925 1.0204467679604883
0 0.5045650590036609 0.32817321354749107 0.26275599875971056 0.3258716962915487 0.25939195518533603 0.6622678407319945 0.5012010154292864 0.6645693579879369
0 1.0084548135694777 0.006057984117881041 0.7642193602834322 -0.0029577386694359283 0.751731804162218 0.31901319946424417 0.9959672574482636 0.3280289222515611