0 0.63526804505942 0.3297813279052541 0.6342707188717523 0.029253703354738925 0.4870049523880611 0.03012252793576366 0.48800227857572875 0.3306501524862789
0 0.6404563878435149 0.6479032196306671 0.48650466862856656 0.645474001181516 0.4836852012405918 0.9631339935600095 0.6376369204555401 0.9655632120091605
0 0.485876101991556 0.649891090985549 0.33275720618162746 0.6472624404137047 0.32965852937723317 0.9681476383798667 0.4827774251871617 0.970776288951711
0 0.487890625 0.34270833333333345 0.33758129222972977 0.33804757882882885 0.3322519003378378 0.6435993806306307 0.48256123310810806 0.6482601351351353
0 0.3312288721648651 0.025364486537640608 0.182567307809433 0.022749507393305793 0.17953285800485153 0.329431234309672 0.32819442236028357 0.3320462134540068
0 0.17858289358656 0.3387322148033652 0.026571071894638188 0.3335683312639368 0.020663710121883252 0.6427202640381108 0.17267553181380504 0.6478841475775391
0 0.6387638090981671 0.33899943881329264 0.4890983515863649 0.3356735397574748 0.48526912012288254 0.6420120568360641 0.6349345776346847 0.6453379558918819
0 0.48755281168695414 0.027921448150901418 0.3356588502950195 0.024216717385244432 0.331431846427244 0.3323183326364369 0.4833258078191786 0.3360230634020939
0 0.17836683580909107 0.02270035369392231 0.026442487503191527 0.02041147462340025 0.023830549809705413 0.3286201224547602 0.17575489811560496 0.33090900152528224
0 0.17935036823248415 0.6564664609872611 0.025633210589172045 0.6491465963375795 0.01702204418789816 0.9706301419851381 0.17073920183121027 0.9779500066348196
0 0.33300443631158183 0.654449928874964 0.1801179640233363 0.6484543809420916 0.1730431611927399 0.9691787759291272 0.32592963348098547 0.9751743238619995
0 0.026855468750000003 0.017578125000000003 1.6145245887196551e-18 0.017578125 1.593595566273289e-17 0.3294270833333333 0.026855468750000017 0.3294270833333333
0 0.021484375000000062 0.6549479166666666 6.024568604203899e-17 0.6549479166666666 7.48661031510003e-17 0.9733072916666666 0.021484375000000076 0.9733072916666666
0 0.3330939488681421 0.33981177061030365 0.1829109317649508 0.3344179922182698 0.17670468806642461 0.6416270552953148 0.3268877051696159 0.6470208336873488
0 0.02197265625000003 0.3346354166666667 3.0735764392663064e-17 0.3346354166666667 4.4967499656191874e-17 0.64453125 0.02197265625000005 0.64453125
0 0.7935310757730136 0.6510208808733748 0.7924883412718975 0.3395908432067149 0.6412026426450365 0.34049135331758906 0.6422453771461526 0.6519213909842491
0 0.7955020857134366 0.6532861658283535 0.6413732280886201 0.652625377585589 0.6405998140530982 0.9733343976486735 0.7947286716779147 0.9739951858914381
0 0.7883792122907121 0.03060632281899388 0.6369350451877038 0.029179287086574465 0.6353509857778615 0.32803849574349003 0.7867951528808698 0.32946553147590946